ALK1 signaling events alk1pathway	7040	3397	7046	2658	3624	4086	93	94	659	5595	7048	7043	5594	4092	2280	90	4090	4089	1460	409	5499	4093	3196	857	92
Beta1 integrin cell surface interactions integrin1_pathway	3675	22801	2162	1282	1281	1288	5329	929	255743	93185	1290	3688	3912	8516	7412	3913	1294	1278	1285	1286	6696	284217	975	3908	7058	1293	3685	4192	2243	1292	3678	2335	3911	1287	80781	3673	5328	3676	7045	3655	2244	1280	7057	1277	8515	3914	2200	3918	2266	3909	1302	3672	1289	7052	3371	58494	3915	3679	7448	3910	3680	1301	4811	1291	1464
Sumoylation by RanBP2 regulates transcriptional repression ranbp2pathway	9063	9759	8554	3065	5905	7341	5903	7514	4193	7329	5901
EPHB forward signaling ephbfwdpathway	8867	5604	5829	1947	2886	4690	5906	1948	5921	1759	2047	2050	6237	1946	2885	8976	5058	5595	9448	8997	2049	6453	5594	5290	1949	998	6714	6093	5908	7018	5295	5879	2890	3265	4893	2048
Coregulation of Androgen receptor activity ar_pathway	27043	51588	207	7520	10499	23598	5469	7041	5036	2274	367	58190	7113	55818	26060	5591	4117	2934	146225	3092	672	10451	23054	23028	896	7050	5052	2185	57178	1021	7110	8554	6840	6925	3178	1499	10498	8031	6722	8204	9039	10106	6197	8926	10401	7337	5074	26524	4824	3817	23081	595	2288	841	354	7329	2547
EPO signaling pathway epopathway	6776	5906	6772	596	5336	598	4067	5599	7006	2885	867	6464	7410	5777	4790	8660	1399	7225	2889	6654	2057	5335	6777	2549	2056	5295	695	3717	1432	5781	3265	10019	9021
Plasma membrane estrogen receptor signaling er_nongenomic_pathway	2771	5600	207	3480	5330	2782	2100	2773	2781	2769	10672	2099	2770	387	2775	5331	2774	9630	27043	4313	6654	4478	5290	2776	23236	6714	2885	1839	4318	54331	5295	9475	2767	6801	3265	4893	9564	4846
Signaling events mediated by focal adhesion kinase fak_pathway	6455	9844	5906	5829	2886	5879	4690	7525	824	5604	3685	5921	5601	6416	50807	6237	5599	87	5908	23162	8976	58	5058	8874	3678	2889	387	5594	3693	8440	6654	4323	5335	2909	6714	23092	1793	2113	1398	7414	660	5295	9475	3725	3688	5290	11099	5894	9826	2885	11279	9564	595	7094	673	2534	9815
BMP receptor signaling bmppathway	331	197	657	4093	10454	8646	4091	10217	25928	148738	9241	64750	4086	23118	285704	655	23645	659	6497	9350	5594	58190	10106	5494	25805	658	57154	4090	4089	10468	6885	4092	652	650	8021	9765	654	26585	5499	56963	91851	2932
IL23-mediated signaling events il23pathway	3675	6776	920	6774	4353	4283	6772	5970	7297	3558	9021	8809	3458	242	112744	6347	4790	916	3593	3594	4792	3606	149233	2919	11009	5290	29949	6775	8807	4843	5295	51561	3569	3553	7124	3605	3717
Regulation of retinoblastoma protein rb_1pathway	5600	1052	1874	1997	7343	4208	632	1158	8535	6839	1387	5601	1019	4193	595	6688	25	145258	6046	6598	1017	8841	1870	896	3065	5928	7042	5948	4233	11016	28227	5925	6441	5468	898	1021	894	1051	5515	26574	7027	1487	1871	1026	1027	6872	5077	23411	4654	2033	1869	6502	3725	4286	1432	1437	5894	1386	1050	890	6597	6908	1786	860
Regulation of Androgen receptor activity ar_tf_pathway	10499	25898	5608	7181	367	3817	1387	5451	6416	3320	4193	5599	2908	10481	6256	2033	1050	10919	5152	7113	3065	6736	6595	6599	6258	3301	7182	354	6714	190	2624	3725	2308	11143	10513	10524	8850	5966	29843	25803	10399	8648	1432	1958	5585	23411	8805	2932	51564	83637	6605	10498
IL5-mediated signaling events il5_pathway	5781	5295	6777	3567	6776	5290	3717	5292	1439	1154	2885	6386	3568	4067
N-cadherin signaling events ncadherinpathway	2697	6093	1000	5599	818	1639	5770	2596	22919	2934	387	221955	2017	2260	747	4633	3728	5290	5335	2241	3799	998	1495	1499	1500	4041	5295	801	808	805	5879	5781	2891	1268	23396	8312
Regulation of RAC1 activity rac1_reg_pathway	9844	25791	7409	10006	80243	4168	221178	2059	29127	7410	1124	8874	55114	8997	7204	64333	50619	6654	7074	10451	392	1794	613	1793	1123	26230	10928	9459	5924	396	5879	9181	57580	115557	57572	29	5910	5923
Internalization of ErbB1 erbb1_internalization_pathway	7322	9101	8867	7321	1950	6456	29924	9146	1759	7323	1956	2885	10617	868	7251	8874	30011	10253	26018	5868	6453	6654	5291	2060	5290	867	998	6714	51652	5296	5293	8503	5295	273	5894	3265	4893	57732
Signaling mediated by p38-gamma and p38-delta p38gammadeltapathway	5608	6640	6300	29904	3925	5585	595	5606	5603
RAC1 signaling pathway rac1_pathway	6776	394	5062	1535	5058	10097	5879	10811	10006	5609	5601	6416	5330	5606	5599	999	3984	1536	128239	29127	26999	10458	10096	1398	9564	10093	4688	6774	10163	4296	8936	124056	1495	1072	8826	55845	5608	396	3725	27035	8395	8394	1432	10787	10092	1386	10095	10109	10094	4214	1499	10152	653361	23396
Integrins in angiogenesis avb3_integrin_pathway	1435	1306	207	1296	1281	5829	6382	3791	5879	5286	1297	3685	1294	3320	27329	3480	1286	6696	1299	867	1436	6198	1280	3611	7048	1293	1292	387	1278	1287	1288	5297	1027	4240	2335	25960	1307	5594	2185	1285	5290	10451	5298	1277	6714	7094	50848	1308	1303	6093	2247	1302	7373	7414	1289	1282	1290	5295	1298	1300	5781	3667	7448	10085	1295	5595	1301	9564	1305	841	3690	7422	1291
ATM pathway atm_pathway	84142	4683	9025	7156	995	993	4193	5932	7014	25	7334	4361	472	641	5884	672	8243	11200	7158	637	51720	9126	5883	3014	10524	1487	10155	2177	7518	9656	64326	10111	64421	7529
FOXA transcription factor networks hnf3pathway	3169	3171	3170
PAR1-mediated thrombin signaling events thrombin_par1_pathway	5330	2782	2773	1759	2781	5582	9138	2769	11214	408	10672	54331	6643	5580	2149	157	2770	7791	7408	387	2775	7225	1785	9630	2771	4633	5290	5578	2776	23236	396	6093	5331	2147	5295	9475	6642	2767	2151	5585	2768	4846
Presenilin action in Notch and Wnt signaling ps1pathway	27123	79412	102	6927	10454	5528	4851	1387	324	7471	1840	28514	7088	4040	3065	4609	2353	5595	1855	83464	51701	1457	3516	51107	23385	5594	23291	8321	22943	4734	1499	11197	5467	10023	6885	1487	3725	1452	23145	55851	85407	166	595	5663	2932	8312
LPA receptor mediated events lysophospholipid_pathway	2767	207	2782	2773	147	5970	7205	2353	112	2781	5338	1902	3576	9138	4067	2769	1956	113	23566	54331	107	5580	4790	2770	5829	9170	387	5747	196883	4792	9351	1398	5331	9630	2771	114	2185	4313	5291	7074	2775	2846	5335	2776	6714	10672	2768	111	1839	4318	2549	5587	5295	115	3725	3569	5879	5581	3265	2932	9564	4137	109	836	108
Angiopoietin receptor Tie2-mediated signaling angiopoietinreceptor_pathway	6776	2002	207	5829	5970	2886	4790	4690	3688	5921	5338	9046	5599	2885	2242	6464	6198	284	1997	5340	3678	5595	1398	2335	5594	4313	4846	5290	2888	660	6777	2113	1026	2247	7010	2308	1998	2147	5295	51378	1432	5879	5781	7124	285	2534	185	5058
IFN-gamma pathway ifngpathway	51588	5604	207	3553	6772	2889	1612	1387	5906	8651	3459	867	815	4214	5580	1051	3458	5290	5595	834	1399	3659	5594	6774	4296	5295	8554	817	818	816	5908	2033	4092	3716	3717	801	808	805	5781	2475	10379	80142
FOXM1 transcription factor network foxm1pathway	3304	3303	5604	6667	2619	7039	675	7515	1387	5347	1163	1019	994	5925	2033	3910	891	332	4609	2353	4775	2099	11200	4313	898	4751	3175	9133	9212	2119	1017	2305	6502	983	1058	1063	255626	1059	890	2931	595
IL2 signaling events mediated by STAT5 il2_stat5pathway	6776	6667	1997	5551	3558	598	3561	3565	2885	6464	896	3718	4609	3932	6654	5290	1021	894	5295	9846	6777	356	3560	50943	3559	3716	596	5781	890	4049
amb2 Integrin signaling amb2_neutrophils_pathway	7070	5906	207	4620	5329	3055	4018	338	7525	4035	2268	4067	3689	3383	5590	4486	177	4485	4790	1490	5340	387	3932	5328	4313	5327	83700	6714	6403	6093	5908	4318	58494	3684	6404	3569	3146	7124	7094	2534	640
SHP2 signaling shp2_pathway	4803	5604	3480	3718	5605	2773	6772	3716	3791	4915	5155	3558	10817	5566	3561	9846	1956	2885	3459	6464	284	3458	10818	387	3932	3569	1950	6654	3667	5290	5159	2909	4909	3560	7010	3572	4301	2549	4908	3559	5295	2770	3570	3717	6383	8543	55824	627	5894	5781	3265	4893	4846
FoxO family signaling foxopathway	1455	207	1454	5934	114907	4303	53944	5601	1387	5347	10018	5899	2309	1456	5599	1453	1147	2810	2033	7763	1017	4485	891	6648	6446	7874	7533	10971	5602	604	7514	1499	356	1027	7532	2308	3551	5901	1647	7534	8850	6502	1452	847	5898	23411	7531	7529	2538
Alpha9 beta1 integrin signaling events integrin_a9b1_pathway	2162	2515	5829	8751	3688	7412	6696	7052	2335	3371	2277	6714	3772	7424	4843	6303	1438	8038	5879	1437	196743	3680	9564	101	7422
EGF receptor (ErbB1) signaling pathway erbb1_receptor_proximal_pathway	5058	1950	6772	4690	2934	5921	1956	2885	5770	5777	8976	2549	2770	5290	5595	2773	5594	8440	6654	5291	6774	5335	6714	5296	5293	8503	5295	5781	3265	4893	7094	23396
Signaling mediated by p38-alpha and p38-beta p38alphabetadownstreampathway	1385	5600	1459	2005	4208	2664	1977	6548	8986	2099	3315	5321	9252	8550	1051	26959	8569	1457	5868	1460	3880	10891	7157	9261	4843	7867	1649	4205	3725	4286	7391	22926	1432	5743	1386	3856	1978	466
Reelin signaling pathway reelinpathway	3675	5906	207	4137	5649	4043	3688	5609	7436	5599	867	4131	1020	2889	4296	1399	7804	8440	9479	5290	5048	8851	1600	5295	2904	2903	9181	2932	2534
Osteopontin-mediated events avb3_opn_pathway	5970	2934	960	3690	5599	6696	1147	4214	4790	3685	6850	2353	5595	4792	387	5328	5594	2185	4313	5290	10451	998	3611	4318	9020	5295	9475	3725	8394	5879	9564
Effects of Botulinum toxin botulinumtoxinpathway	6616	6812	1134	25782	6857	10497	6844	6804	22999
Visual signal transduction: Rods rhodopsin_pathway	388531	6010	2782	8787	5145	9187	2986	2779	10681	2792	5158	3000	6011	1259	5959	6295	2979	5148	9626	6121	9227	2978	145226
Lissencephaly gene (LIS1) in neuronal migration and development lis1pathway	81565	1641	5649	4043	7436	11104	8941	8826	1778	4131	5050	387	6993	1457	7804	1020	7941	5048	998	5528	8851	6249	1600	25	801	808	805	5879	5049	7531	10726
Glypican 2 network glypican_2pathway	4192	221914
Signaling events mediated by VEGFR1 and VEGFR2 vegfr1_2_pathway	5600	5604	6714	5062	5829	5605	6093	5564	9047	3791	2185	998	26509	5566	3320	5795	5562	5606	3690	2885	867	2242	5580	5777	3685	2321	375	387	5595	10645	3326	1785	5594	23291	8440	9146	5290	5578	5335	5295	1003	4734	8165	1495	5571	1499	2887	673	9261	7414	2549	5170	6461	5608	8826	1432	801	808	805	7448	5894	5781	4846	5563	4690	857	2534	207
HIF-2-alpha transcription factor network hif2pathway	2002	6667	10370	54583	3791	112399	3646	1387	8553	7291	1942	2034	9429	2033	328	112398	2321	5230	5054	135	4891	7428	2113	4323	55662	405	2056	5460	6921	6923	23411	2395	6513	7422
FOXA1 transcription factor network hnf3apathway	6667	63977	7026	2641	1562	367	3169	1387	5451	7031	1051	2099	5265	522	7494	7356	672	6441	725	4731	354	2353	3171	3630	4781	8202	1027	4774	8204	2033	6469	338	3725	23761	1826	162	7448	80781	4824	729238	653509	4782	3170	6647
IL12 signaling mediated by STAT4 il12_stat4pathway	9063	5532	942	7040	5551	30009	1387	5601	915	8809	5599	916	3458	2353	3606	5534	917	919	3659	5530	6774	940	6775	3596	3123	8807	2119	3122	3559	3725	941	920	3558
a4b7 Integrin signaling a4b7_pathway	5829	3688	8174	387	960	7412	3676	3695
p38 signaling mediated by MAPKAP kinases p38_mk2pathway	7534	7867	5600	994	2810	7529	6722	1385	1432	2115	10971	7532	3315	7054	4046	7533	9261	5894	6929	7249	7531
a6b1 and a6b4 Integrin signaling a6b1_a6b4_integrin_pathway	928	207	1950	3910	3688	3912	2065	5376	3913	3655	1956	284217	6256	2810	7529	3908	6464	4485	5290	3911	4233	999	7533	10971	10319	3691	5578	3914	3918	2885	3909	840	4486	7534	5295	3915	6258	3552	7532	3265	7531	2064	1308	6198
Integrin-linked kinase signaling ilk_pathway	80895	8440	207	4659	7791	10460	64098	7145	55742	4666	3320	63916	87	10856	8826	1729	253260	3987	81706	3611	55679	5829	8874	6790	10398	998	1499	142	11140	391	9459	3725	94274	6615	1385	29780	5879	26472	7514	2932	6935	595	9793	8607	9815
Caspase Cascade in Apoptosis caspase_pathway	317	351	8772	207	3002	7132	331	1073	5551	1676	598	8737	8738	84823	55367	6720	8567	637	839	4926	355	2934	58	7150	2620	56616	8797	7124	3984	1677	142	330	356	842	840	8717	4001	397	7186	4000	581	596	8795	7020	7431	54205	843	3875	6304	4214	841	8743	836	835	6709
Signaling events mediated by HDAC Class II hdac_classii_pathway	10013	10376	2782	4208	9734	7280	3320	2908	7529	8841	57763	2099	5905	7329	5903	156	814	9759	2623	9612	604	83933	54880	2624	79885	6722	5901	54331	10014	8625	7514	7341	51564	7531
Endothelins endothelinpathway	6548	207	107	5583	1281	5605	387	1907	5594	4312	1908	2781	5582	5581	5321	1278	2769	113	5330	3265	5580	5894	1906	2770	10800	111	2353	5595	196883	5578	1910	1398	5331	2767	2774	2773	9630	2771	114	2185	2775	998	2776	23236	6714	6550	7225	5588	5599	115	3725	57105	3717	1432	5604	5879	1909	2768	112	9564	109	108
IL12-mediated signaling events il12_2pathway	7879	6776	1432	5532	356	6772	5971	3595	6351	3142	7297	30009	6348	3002	915	3561	5606	3001	3458	8651	8809	4790	916	3593	3594	2353	3105	3932	5970	567	3606	3554	5534	917	919	3565	5530	6774	6775	8320	4791	6778	3123	3560	8767	8807	10912	4843	3122	3559	5608	1234	4616	56848	925	3717	920	3553	1386	926	3558	3592	2475
TGF-beta receptor signaling tgfbrpathway	54778	331	7040	168002	7046	5371	23645	7048	6711	815	6464	4087	6198	23118	11171	7049	1490	7042	100506658	387	25805	6498	64750	5520	7043	10454	9372	6654	83737	4092	83939	2280	1616	5515	10413	1499	50855	4089	6885	409	57154	5170	11059	9765	1601	5499	2885	5516	23327	7531	857	83658	4088	8312
Trk receptor signaling mediated by PI3K and PLC-gamma pi3kplctrkpathway	4803	207	6776	7222	2309	7533	2885	2810	7529	6464	5580	814	10971	6654	5290	7531	5335	6714	116986	2036	2549	5170	7534	5295	815	1385	1958	7532	3265	4893	2932	595	7442	572
Aurora A signaling aurora_a_pathway	81565	5058	10460	5528	5921	5566	4193	994	64506	51343	332	8874	672	28964	4792	6790	22974	84962	6867	7157	9212	54998	5901	1647	1058	9787	4946	2932	23424	9793	207
Alpha4 beta1 integrin signaling events integrin_a4b1_pathway	5786	4620	5829	93185	3688	10006	929	5566	5575	6696	975	7058	4192	2335	28964	7057	7412	1398	3676	120425	2185	6714	1793	10863	5573	7534	58494	5567	382	5879	9564	7094
BCR signaling pathway bcr_5pathway	2002	5604	207	2213	1445	801	808	805	27071	7189	5879	1796	55824	5788	5336	5921	5728	8517	10892	4793	4067	5599	933	8915	2885	6464	4214	7410	5777	4790	597	5594	6850	2353	5595	4792	1457	973	5532	5452	6654	5530	5290	84433	974	1147	5970	818	971	5533	2113	1432	3551	6885	695	5295	3725	5170	930	4772	11184	25998	5894	3265	29760	9467
Trk receptor signaling mediated by the MAPK pathway mapktrkpathway	2002	5604	4208	5906	6195	8851	6014	9252	5580	23623	2353	5595	6016	5607	5594	5598	1020	30844	5606	5908	6722	4908	5608	9261	7442	1432	1958	5894	3265	4893	10746	1385	673
IL4-mediated signaling events il4_2pathway	7070	1432	207	6667	7033	6776	6778	4988	3502	9021	2208	9046	3662	3561	959	246	2113	6688	3667	8651	6777	867	2242	6198	1051	3566	3718	3159	6361	1278	10344	8660	3586	383	84666	3567	3565	3598	5290	5777	604	5295	6356	1277	6403	2971	2885	3690	3597	9655	3716	5284	3717	4602	3500	3497	57379	6464	1959	4049	54625	4603	2475
JNK signaling in the CD4+ TCR pathway tcrjnkpathway	3725	4214	11184	3937	28988	1326	9402	1398	1399	6416	5579	6885	5599
C-MYC pathway myc_pathway	5062	5300	8464	7709	10856	26959	9913	4609	6881	5515	2648	86	5525	4149	10524	6502	6883	6880	2932	8607	8312	8295
Calcium signaling in the CD4+ TCR pathway tcrcalciumpathway	5532	55509	9495	1827	5743	3558	5566	5451	959	10231	3458	3562	2353	4775	5534	3726	3565	5530	2280	356	4773	23523	3559	3725	8061	4772	801	808	805	1437
Validated transcriptional targets of AP1 family members Fra1 and Fra2 fra_pathway	3162	2697	6667	5329	4772	632	3576	3726	1278	2033	595	1634	4256	3727	7392	3569	5328	4775	4313	6347	3691	55787	3909	4773	4312	4318	9988	3725	8061	3976	7056	890	468	4846	3713
Ephrin A reverse signaling ephrinarevpathway	1946	2534	2044
Posttranslational regulation of adherens junction stability and dissassembly ajdiss_2pathway	7879	3265	3480	1950	1495	1000	1387	4316	1832	5979	999	1956	10672	25	2768	79872	5777	10009	4233	1785	5868	4314	6091	9146	3728	7074	998	2674	6714	2668	1499	3481	54453	1500	102	6585	8826	6642	382	5770	5879	627	91768	4225	4915	2534	836	4830
mTOR signaling pathway mtor_4pathway	84271	5337	3265	207	5829	5605	10971	1977	54205	5371	5338	6009	64798	9706	6195	64121	7248	6446	7533	9821	6720	2810	84335	9776	6198	253260	5894	4893	664	387	5595	8408	58528	1938	7249	5594	23291	898	3667	5578	27250	54700	7528	55615	10891	10325	6249	1017	3551	7529	7531	7534	5170	57521	54541	29904	5604	1975	5879	7532	23145	10670	79109	2475	1978	673	64223	1973
p73 transcription factor network p73pathway	1432	200933	5888	5600	675	7846	581	1263	63970	5300	5371	3714	5567	10018	25	4720	4193	2309	7490	9134	5054	23151	1111	2810	2033	8682	355	83737	891	3566	4609	27113	5265	3029	5347	1021	9184	9540	578	5925	2623	983	51741	3297	6667	54894	174	9635	6273	5970	10277	10413	196513	1026	23493	1017	10524	3716	10399	9518	5204	25898	9191	100	23411	699	64782	890	2194	23327	2319	8611
Signaling events regulated by Ret tyrosine kinase ret_pathway	5906	5599	5829	2886	4690	5921	5566	5979	3667	2885	3265	6464	10818	387	5595	1398	55715	220164	8660	5594	6654	5290	5578	2674	6714	55816	2668	2887	85358	2549	1796	5295	3725	1385	5879	5781	9260	9564
ALK2 signaling events alk2pathway	4086	2280	90	655	4089	268	4093	3196	269	4090	659
PDGFR-alpha signaling pathway pdgfrapathway	2002	859	90525	3685	2885	6464	5156	3458	2353	2889	1399	1398	1457	6654	5290	5335	3716	6722	6461	5295	3725	857
CXCR3-mediated signaling events cxcr3pathway	5600	5604	207	4283	5605	2773	3627	5894	2781	1759	5606	3689	408	54331	253260	2770	2782	10563	5595	5293	2771	5594	5291	5290	2775	5196	5608	6356	6714	3683	5296	8503	5295	6373	5170	1432	2833	3265	4893	79109	64223	2475
Validated targets of C-MYC transcriptional activation myc_activpathway	4683	3329	5757	6470	4953	23089	2023	1977	11235	10075	4830	389421	57678	993	6135	3320	3939	5292	5366	10856	3811	80177	2597	790	1104	661	92140	332	9913	4609	3398	91942	4869	6881	581	83879	7343	5213	3159	7083	894	7037	86	4089	648	10935	4691	7015	1871	7157	5274	3658	4318	4149	1019	10524	1387	1981	2648	8464	8886	6615	8061	891	1965	6880	6883	6875	9112	2033	586	4831	1973	6513	8607	3308	84864	4088	8295
IL2 signaling events mediated by PI3K il2_pi3kpathway	6609	207	3718	5970	7357	596	3558	598	259230	3561	2309	5590	6194	6464	6198	4790	4609	8661	3932	3320	6654	1869	5290	9846	2885	3560	3716	3559	5295	7015	4602	801	808	805	5879	5781	2475
FGF signaling pathway fgf_pathway	2263	6383	207	5329	6772	6385	9365	8074	54434	6195	2254	999	6696	6777	9965	815	6464	2251	6774	10818	2253	54756	152831	2353	4233	10253	5328	2260	5594	2185	10298	6654	5290	1000	5335	2249	4684	6714	2885	2264	1500	2247	632	4318	2549	867	1848	5295	860	3725	5170	8817	3082	1432	8822	5781	5595	2017	2246
LPA4-mediated signaling events lpa4_pathway	114	115	107	9252	1385	2846	113	5581	112	196883	111	5566	2774	108	109
Insulin Pathway insulin_pathway	5786	23433	207	2887	4690	11336	5921	2309	6446	3667	2885	867	23265	5770	54536	5584	6198	2889	3643	55763	8440	6654	10580	5290	2888	3630	208	5590	50855	9322	1796	5295	60412	5170	10640	55770	2151	6464	5781	3265	1978	857	10603
Circadian rhythm pathway circadianpathway	11091	1111	4862	1407	9575	50514	9572	8914	406	4841	545	1408	1454	8864	8553	5187
Arf6 downstream pathway arf6downstreampathway	5337	382	5329	8394	5594	5879	9727	375	7074	387	4830	5338	8766	8997	5595
S1P4 pathway s1p_s1p4_pathway	2771	5594	10672	2775	5335	998	2770	2768	8698	387	5595	2781	53637	2773
IGF1 pathway igf1_pathway	207	3480	5829	3667	5590	5770	6464	5580	8660	1399	1398	8440	6654	5290	2885	2887	5587	5170	7534	5295	10399	5894	5781	3265	9564	7531	6198	572
Aurora B signaling aurora_b_pathway	9493	1731	6795	11004	5528	55143	23397	10592	5921	9212	5501	54888	10403	5684	29127	9918	3925	332	387	64151	6790	10051	4638	5037	6867	4691	151648	4869	8452	3619	7813	90293	1058	10112	1674	699	7431	55958	23468
Thromboxane A2 receptor signaling txa2pathway	5739	5600	2767	207	5330	2782	5582	1759	3055	7525	2268	10681	7412	9138	5566	4067	2769	1956	3383	5590	6401	5294	5729	640	157	146850	6850	387	3932	156	1950	407	9630	2771	9368	5583	5578	2776	6714	10672	6093	23533	54331	5588	409	1432	5879	5581	2768	7052	4846	8766	2534	5580
IL2-mediated signaling events il2_1pathway	22806	5600	5604	9046	6776	3718	5605	6772	5528	596	8835	9021	5921	5601	5579	5581	3561	5599	5781	8651	6777	6464	6850	3458	5290	4609	2353	8660	3932	387	5595	5594	2185	6654	3667	6774	5295	9846	2885	8027	3560	10254	9261	1017	3559	3716	3725	1432	5894	1154	3265	4893	3558	2534
IL3-mediated signaling events il3_pathway	6776	1439	3397	10256	598	5566	1154	5292	6777	6464	1051	3065	6726	3562	5290	9846	2885	5568	3563	7534	5295	5008	5567	3717	7532	5781
S1P3 pathway s1p_s1p3_pathway	207	2781	3690	2769	10672	1903	3685	2321	2770	387	5595	2773	9630	2771	7852	5594	2775	5155	2776	5159	6714	9294	1901	3717	2767	5879	2768	10000	7422
Regulation of Ras family activation ras_pathway	25780	10125	6655	10235	5921	4763	5579	2885	6237	5924	8831	816	3845	10156	6654	5578	5590	5922	51196	3958	3956	27342	801	808	805	5581	3265	4893	9610	8437	115727	5923	153090
VEGFR3 signaling in lymphatic endothelium lymphangiogenesis_pathway	3673	5600	207	3688	6416	6195	1278	2885	2324	3678	2335	1398	3676	5595	5594	6654	5290	1277	3672	7424	5295	1385	1432	2277
Endogenous TLR signaling toll_endogenous_pathway	3329	6279	929	7097	8517	1147	10333	387	51135	114609	1462	6288	6289	633	4615	3654	6280	3551	7099	7098	3656	148022	7096	23643	3146	653509
TNF receptor signaling pathway tnfpathway	23043	8772	7295	7132	11183	10454	6772	5970	23118	1540	8737	5609	8517	8878	329	8439	1147	5590	4217	203447	5584	4790	7128	7133	9448	7185	9530	8717	6610	8491	330	5606	3551	6885	6868	8567	7186	4215	10399	117584	6609	7124	4214	841	857	5871
Beta5 beta6 beta7 and beta8 integrin cell surface interactions integrin5_pathway	3693	3491	3685	5329	6382	3696	7448	3676	2200	8174	5328	2335	3676	7412	7046	3694	10085	3695
Regulation of nuclear beta catenin signaling and target gene transcription betacatenin_nuc_pathway	23043	5308	9968	3491	10499	27121	10642	83439	367	79718	4762	26959	3576	324	2810	6591	999	113	9314	7088	7529	7091	10971	1462	51176	3066	6597	3065	7089	4609	6500	3398	8913	814	1046	6862	7532	6932	7533	57167	894	4313	3848	3619	22943	25776	6907	1044	2249	56998	6925	1487	8313	6934	80333	10856	1857	4318	389058	4656	7534	4513	7015	3725	57680	4286	607	23145	170261	8454	7514	4617	166	2033	595	7531	1499	29969	8295
Proteoglycan syndecan-mediated signaling events syndecan_pathway	9672	6383	6385	6382
Class IB PI3K non-lipid kinase events pi3kcibpathway	5594	5604	5294	146850	5140	23533
Insulin-mediated glucose transport insulin_glucose_pathway	23433	207	5501	6517	7533	252983	5590	2810	7529	5584	3643	6810	9882	9322	10971	434	4012	3630	208	6844	7531	7534	5506	801	808	805	7532	2932	2997
Integrin family cell surface interactions integrin_cs_pathway	3674	3675	3673	22801	3688	8516	3672	3690	3689	3655	3685	3678	3676	3679	3676	3693	3695	3696	3691	8515	3687	3683	3694	3684	3681	3680	3682
C-MYB transcription factor network cmyb_pathway	4144	5897	920	6667	4353	4254	23118	4618	10454	5481	6595	596	5743	4094	1387	5079	2625	8379	8089	1991	6688	5292	3015	8826	1436	10401	1050	1314	891	1052	4609	7329	8535	171558	1278	51701	3815	136	10043	3950	2623	22797	2113	5530	51176	1021	25942	947	4173	1051	3280	6497	7471	330	1026	1027	839	1211	5250	4654	8900	161882	9611	27044	10155	2944	28996	4602	759	100	4069	3265	4893	6885	2033	595	3312	490	2114	5657	290
Alternative NF-kappaB pathway nfkappabalternativepathway	9020	1147	23145	5971	4790	4791
Ceramide signaling pathway ceramide_pathway	5604	207	7132	1950	8567	5605	8575	8772	55512	8738	6416	5610	5599	637	5590	8844	5580	1509	4790	8737	4609	5595	4792	9131	5594	8717	5154	9448	5970	330	427	7186	581	56848	6609	5074	5894	54205	596	7124	4214	841	572	9530
HIV-1 Nef: Negative effector of Fas and TNF-alpha hivnefpathway	8772	7132	5970	596	54205	8738	5609	7185	637	1147	4217	355	4790	8737	4792	5599	919	9530	8717	9020	1616	1677	317	356	842	840	839	7186	8837	1676	7124	841	330	836	835
Notch-mediated HES/HEY network hes_heypathway	4602	3791	1827	367	1387	7291	5932	50674	5925	7088	2033	6929	2627	429	3065	9794	4654	3397	2626	23028	1027	3516	2623	2690	6774	84441	23462	7528	3280	817	860	23493	142	632	256297	1869	9611	405	4851	8648	1487	3717	920	55502	23013	9612	2548	3091
Glypican 3 network glypican_3pathway	6469	2719	652	5727	5045	5601	2252	5599
DNA-PK pathway in nonhomologous end joining dnapk_pathway	11284	1460	1459	7520	1791	7518	54840	200558	2547	79840	27343	3981	27434	64421	1457	5591
Aurora C signaling aurora_c_pathway	9212	6795	3619
Glucocorticoid receptor regulatory network reg_gr_pathway	5617	6776	5600	4772	207	1081	10499	6599	1432	6772	5970	4312	3558	581	30009	1437	5566	5601	5451	2625	4193	3576	3320	1026	6446	7533	51111	3383	6777	2810	5443	3164	2289	4790	6597	3065	3458	3066	2353	5595	6401	5449	2266	5599	3861	1447	6613	7433	3659	5594	3725	3567	3565	7251	1020	174	6602	5536	6601	7157	5568	8851	632	3872	2033	3852	5087	5567	8648	1385	5106	3569	1958	9970	3596	2932	6908	2288	6688	2908	5602	1387
Alpha-synuclein signaling alphasynuclein_pathway	5337	5330	4129	3055	5528	7525	7054	1861	5338	2268	4067	6622	640	2869	6531	6850	5595	3932	5071	7332	1457	5594	2185	2280	6714	11315	10273	5653	2534	5580	572	7345
FAS (CD95) signaling pathway faspathway	5981	8772	207	5600	5609	5601	8517	329	5599	637	1147	3551	4214	355	8737	5296	6850	23017	5293	1213	5602	5291	5290	5608	6609	6714	330	356	5170	8503	5295	695	8837	1432	7430	843	841	836
Nephrin/Neph1 signaling in the kidney podocyte nephrin_neph1_pathway	207	7082	4690	2151	5601	6416	5599	2885	5584	8976	55243	7225	7827	8440	5602	5291	5290	5335	8503	5590	50855	5296	5293	4868	409	5295	3725	5879	23607	2534	572
Regulation of RhoA activity rhoa_reg_pathway	394	393	23779	64411	25791	50650	10160	50619	9138	613	10395	11214	4650	84033	23370	7410	57522	9639	22899	387	10276	398	7204	64333	9828	4168	55200	10451	4983	2909	7984	23263	1027	116985	7409	1894	397	55160	396	395	9826	9181	115557	29	23365
Signaling events mediated by PRL prlsignalingeventspathway	10376	6093	3688	3672	11156	22809	387	5595	5594	898	6714	5876	1026	389	1017	7803	1958	5879	890	9564	183	8073	5875
Notch signaling pathway notch_pathway	182	23385	84708	4237	55294	4851	4854	8650	1759	8076	2625	1840	5932	2011	4853	28514	867	595	102	9794	4855	57534	4609	3714	8788	171558	1272	23028	3516	6502	2060	51107	9148	3565	83737	54567	84441	6500	7528	10683	1487	5663	1026	27255	2033	2023	92737	9611	26292	23145	55851	8038	23013	8454	83464	3065	9612	5045	8766
Validated transcriptional targets of deltaNp63 isoforms deltanp63pathway	3675	3552	7421	3852	64065	3070	558	675	4851	2194	4193	11047	2810	83737	4361	1052	472	26959	8626	7153	6862	83439	5452	23541	252983	3280	10413	9133	1749	5525	1289	3084	3861	3486	861	2877	11059	2355	10399	100	23682	624	2932	1750	6236
Fanconi anemia pathway fanconi_pathway	91442	5983	5982	2188	472	80233	5985	675	23291	7156	6118	2178	7517	4683	1111	79728	83990	4361	7398	55120	641	5884	672	2187	3364	11073	55215	80010	378708	57697	5984	3280	2189	29089	545	57599	2176	3014	22909	5883	2175	2177	23145	5810	6117	84126	10111
Canonical Wnt signaling pathway wnt_canonical_pathway	8452	8498	85409	1499	55361	59349	8395	4040	857	53944	324	2932	2931	1856	5525	1855	7855	1857	89780	8312
IL6-mediated signaling events il6_7pathway	5600	1052	207	6772	7409	7297	9021	3929	6416	9846	2885	2	10401	5580	1051	6774	4609	2353	8600	2266	3569	3659	3726	6654	5290	3055	5295	8554	7184	5608	3572	2308	2549	3716	3725	4286	3570	3717	1432	8543	5879	5781	1401	7076	4170
VEGF and VEGFR signaling network vegf_vegfr_pathway	2324	8829	8828	2321	2277	7424	3791
Signaling events mediated by PTP1B ptp1bpathway	3674	6776	207	1445	7295	5295	3952	1000	5617	1796	7525	7297	27040	5618	2268	3953	4067	4904	55503	6777	1436	5770	6464	640	5290	387	3690	3643	1398	10253	1950	1447	3932	3667	6774	3055	50507	5159	3630	5155	6714	2885	2212	823	2241	1435	3717	9021	9564	857	2534	1956
Regulation of p38-alpha and p38-beta p38alphabetapathway	5600	5062	5058	5063	10454	3055	7189	7525	6416	2268	4067	1843	7786	640	8737	80824	3932	11221	998	6714	1850	5606	5608	4215	5898	1432	5879	5899	2534	83605
Downstream signaling in na&#xef;ve CD8+ T cells cd8tcrdownstreampathway	2002	5604	5532	5605	3454	4775	5551	3558	3002	5601	915	5579	5894	3561	4773	3445	5599	3452	3441	801	808	805	916	4893	3458	673	2353	5595	3451	3448	3604	567	5534	917	919	3443	5594	3726	5530	3449	5578	6775	8320	8784	7293	356	3560	1961	3455	3105	5588	3559	3725	8061	925	4772	1958	5581	3265	926	3442	7124	5778	3439	3447	3440	3446	3444
Nongenotropic Androgen signaling ar_nongenomic_pathway	27043	5604	207	5330	2782	6462	2773	367	5336	2781	54331	2770	2796	2353	5595	5605	5331	2771	5594	5290	2775	5335	998	23236	6714	5295	1385	5879	5894	3265
Signaling events mediated by the Hedgehog family hedgehog_2pathway	4036	207	2619	8643	4043	50846	64399	5290	7042	156	3549	5744	55733	6608	2736	6469	409	5295	91653	5727	6491	50937
RhoA signaling pathway rhoa_pathway	5337	6548	3491	4659	6722	6093	6456	57591	3688	2151	286205	5338	5728	6416	1072	5599	3984	5590	1729	58	2353	387	4633	6300	5962	4478	998	50855	6550	1027	3985	5606	7414	5608	9475	3725	8395	8394	5585	5586	1386	7430	7094	23396
Signaling events mediated by TCPTP tcptp_pathway	1435	6776	3718	1950	6772	3791	6778	3688	5155	1387	3838	5610	1956	2885	1436	5770	2549	6774	3643	4233	5867	6654	5291	5290	5159	3630	8554	6714	6777	545	3672	3837	5296	3716	5293	8503	5295	3998	3082	7422
Alpha6 beta4 integrin-ligand interactions integrin4_pathway	3655	284217	3915	3911	3908	3691	3914	3918	3912	3909	3913
AlphaE beta7 integrin cell surface interactions integrin7_pathway	999	3682	3695
Validated targets of C-MYC transcriptional repression myc_represspathway	7474	1030	6667	1647	57447	1026	6278	10397	1788	2064	9414	2966	4800	3065	2309	1278	23671	3655	2672	4801	3398	1791	1050	4087	6352	1052	5524	7709	3691	4609	672	81855	2495	677	7249	6688	1191	595	5933	1649	22943	5159	7812	8841	84233	4089	3394	4149	2033	4802	10608	3956	8837	6422	596	1027	1385	6556	6908	223	3158	3688	4088
Neurotrophic factor-mediated Trk receptor signaling trkrpathway	4803	9844	5604	25759	4145	5590	9500	7074	4915	5906	5921	1759	55179	8878	9846	5908	4916	25	6464	5584	10287	5290	10818	387	5595	6016	6993	1399	1398	4914	9093	2889	5594	6654	6774	5335	998	10755	23263	1793	4909	4804	53358	10817	6014	391	2549	4908	5295	2885	5879	627	5781	3265	4893	30844	23327	595	25970	5923
Urokinase-type plasminogen activator (uPA) and uPAR-mediated signaling upa_upar_pathway	3675	7436	4035	5329	7040	3688	4314	1511	3690	80310	1956	9564	11330	5340	3685	2358	2243	3678	2335	2244	1398	2266	5054	5328	2822	3693	4322	5159	6714	4691	1793	4321	4318	2357	3684	3082	5879	7448	3689	9622	2359	1991
Signaling events mediated by HDAC Class III hdac_classiii_pathway	10376	4303	2274	581	1387	3008	2309	2033	84532	4654	4209	9759	22933	2547	10891	7157	1026	8361	8360	8363	8362	8365	8364	8370	8366	8368	8359	8294	8367	554313	121504	2308	3206	8850	51547	23411	23410	7280	55902
Validated transcriptional targets of TAp63 isoforms tap63pathway	182	3675	6667	7421	2319	64065	9249	581	5371	5347	26959	5268	4968	1147	4193	2033	64782	5580	1728	27113	6604	4240	10971	83737	3691	9635	26155	6273	2232	1026	3551	132671	25	6469	9540	3486	1647	2877	11059	23145	9518	23405	6749	100	91768	5366	2125	7022	9618	355	1959
ErbB1 downstream signaling erbb1_downstream_pathway	207	10458	2002	2151	5338	2885	2810	7529	5580	1124	2549	5520	5607	5598	998	8503	6197	5170	5898	1385	1958	5879	7532	1386	10095	10109	10094	824	6548	6772	10971	10746	10006	1843	2059	8976	378	5291	5290	10096	6194	1848	5295	3725	10092	9252	2475	9712	5337	1950	10097	9047	7533	1956	5590	5868	7534	5594	5518	6654	5578	5037	9610	6722	5296	5293	5894	79109	64223	5604	5605	4208	81624	8986	5601	6416	5599	8826	4086	8844	7410	253260	26999	2353	5595	10163	5900	5536	29895	10093	6774	7531	5515	6714	55845	7538	801	808	805	10787	3265	4893	572	4214	673	466
p38 MAPK signaling pathway p38_mkk3_6pathway	57551	4216	5600	7295	10454	7189	4294	9344	4217	4214	472	23118	9064	816	5606	10912	6885	1647	7186	5608	4616	4215	1432	801	808	805	5879	51347	83605
E-cadherin signaling in keratinocytes ecadherin_keratinocyte_pathway	999	1956	5295	207	5290	3728	84962	8394	342184	5335	5879	208	6714	846	7408	1499	7791	1495	1500	387	2534
BARD1 signaling events bard1pathway	4683	55120	5888	1477	2178	5932	5591	7520	580	1017	4361	472	672	7332	11073	7323	898	2189	2547	545	7157	2176	2188	4869	2175	2177	10111	5111	2130
Atypical NF-kappaB pathway nfkappabatypicalpathway	1460	409	5295	5966	5290	1432	4790	5970	6714	23145	6850	3932	4792	1459	1457	3551	602
TCR signaling in na&#xef;ve CD8+ T cells cd8tcrpathway	5906	207	942	1445	7189	7409	10235	5551	55824	5788	27040	10125	915	8517	5579	10892	55503	1147	2885	6786	5777	4893	3937	916	7535	3932	5578	567	917	919	6654	84433	940	5335	8915	1326	3551	3105	867	5588	9020	84876	5170	941	925	83593	5581	3265	926	9402	2534
IL8- and CXCR2-mediated signaling events il8cxcr2_pathway	7879	9844	207	5330	2782	5338	3055	1759	2268	3576	4067	2769	408	867	5294	146850	7408	5331	9630	2771	5518	5578	1794	5515	23236	5880	54331	5582	409	5170	3579	8766	5868
TCR signaling in na&#xef;ve CD4+ T cells tcr_pathway	28988	5906	207	942	1445	1326	7189	27347	10235	55824	5788	10125	915	5728	8517	5579	3702	55503	1147	2885	2533	867	2316	6786	6464	10892	5777	3937	916	917	7535	6452	3932	84433	8915	919	6654	9020	5578	940	5335	7454	9846	998	3123	7409	3551	3122	5588	4690	84876	941	920	11184	84174	83593	5581	5781	3265	4893	9402	2534	5170
Syndecan-4-mediated signaling events syndecan_4_pathway	23495	8324	3688	6386	284217	5580	4192	5340	387	2335	7057	3678	1785	2260	7852	6385	2251	5578	87	10755	3909	2247	7035	4318	3371	2147	6387	8038	5879	84309	6352
PLK2 and PLK4 events plk2_4pathway	10769	10733
EphrinA-EPHA pathway ephrina_ephapathway	1969	1946	2044	285220	2045	2043	2046	2042
GMCSF-mediated signaling events gmcsf_pathway	6776	5604	5605	6772	1439	5566	4067	5781	5292	6777	6464	6347	5290	6850	2353	5595	7534	5594	6654	6774	9846	2885	5568	3394	3551	1438	5295	5008	5567	3717	1437	5894	1154	3265	4893
Class I PI3K signaling events mediated by Akt pi3kciaktpathway	207	4303	3836	1027	5566	3320	7532	2309	6517	7533	1147	2810	7529	4217	253260	5591	9882	2931	10971	208	6714	1026	842	2308	7534	5170	5894	79109	2932	2475	10000	7531	64223	572
Signaling by Aurora kinases aurora_kinase_pathway	9212	6790	6795
Glypican 1 network glypican_1pathway	351	9353	3055	7040	7525	7046	2268	4067	284217	5621	4087	640	2321	7042	462	3932	7048	5320	2260	6997	7043	6714	2247	2817	3084	2534	7422
E2F transcription factor network e2f_pathway	1870	1031	1719	5928	6667	1874	8936	1066	7083	898	1027	1387	221223	7029	7515	11073	993	1875	1876	9134	5054	5925	990	283848	4998	840	2033	1050	10419	5934	23429	472	6595	896	3065	5422	4609	672	7161	5328	7027	51716	4172	983	5933	3090	6822	144455	26959	5932	7528	7298	7030	317	1871	1026	5902	8409	6241	1017	1869	8850	2648	10155	4170	4605	23411	8824	890	23468	6240	23491	8295
E-cadherin signaling events ecadherin_1_pathway	999	1499	3728
HIF-1-alpha transcription factor network hif1_tfpathway	7033	3162	123	207	6667	10370	3952	10499	2033	10397	2023	768	1387	8553	3098	3689	5230	9429	3398	5315	4907	226	2235	5243	1906	3939	2353	5209	133	5236	3484	54583	7852	79365	2113	3172	664	5054	2645	2624	3099	4089	405	4843	4869	7018	7037	2022	7015	3725	10987	8648	1385	4170	112399	1356	2056	6387	5211	51564	5045	6513	7422	4088	3091
Beta3 integrin cell surface interactions integrin3_pathway	3674	7070	1282	3491	5329	6382	3791	3912	961	3690	1286	1285	1277	50848	7057	3910	3685	2243	1288	2335	2244	7048	2266	5328	7045	3381	6385	1278	6696	1287	5155	5159	2200	5817	8877	5175	3371	3915	3897	7448	3146	7422	10085
Cellular roles of Anthrax toxin anthraxpathway	5604	5605	5609	7412	5241	1667	728358	5595	834	22861	3606	5594	6416	3553	5606	118429	5608	801	808	805	7124	84168
Validated nuclear estrogen receptor beta network erb_genomic_pathway	8431	10499	6598	2100	9040	6597	4738	8648	79039	190	7561	9039	8202	6605	718
Visual signal transduction: Cones cone_pathway	388531	8787	25769	2780	2986	10681	1261	2793	3000	407	6011	9626	5959	2979	54714	6121	5149	131890	9227	2978	2784	145226	5146
Syndecan-2-mediated signaling events syndecan_2_pathway	3673	23495	858	7040	581	6386	5921	3576	8573	5566	4763	5599	3688	284217	3827	7430	5580	2035	387	5595	3678	2335	5594	4313	6714	3909	10399	6383	1437	3265	51399	836	2048
Fc-epsilon receptor I signaling in mast cells fcer1pathway	5604	207	5062	2207	5829	5605	5338	5970	7409	1796	7456	27040	3937	5921	5609	5579	3702	5321	4067	5599	5319	5783	2885	1843	6464	4214	4790	868	6850	2353	5595	2241	2206	5594	8517	6654	5290	5335	2205	9846	7462	1147	6416	8877	4773	3551	867	5295	3725	695	1901	3059	2213	3497	5894	5781	3265	2534	8611
p63 transcription factor network p63pathway
p53 pathway p53regulationpathway	1455	11200	207	7321	53944	56950	63970	5300	1387	1454	5601	8445	4193	10848	1456	5599	1453	1111	6135	11186	25	6502	5524	5580	472	890	8493	91875	10524	4194	7874	80204	1616	6125	900	7528	5515	9349	10075	545	7157	387893	1017	2033	10419	8850	80854	1452	10155	28996	1432	25898	4738	1434	2932	64326	1877	84148
Canonical NF-kappaB pathway nfkappabcanonicalpathway	7132	7189	1540	8517	10892	329	8915	472	4790	7128	4792	7323	5578	1147	5970	8767	3551	5901	23145	64127	7514	7124	23085
Polo-like kinase signaling events in the cell cycle plk_pathway	1263	10769	5347	10733
S1P5 pathway s1p_s1p5_pathway	2771	2775	2773	2770	2768	387	2781	53637
Arf1 pathway arf_3pathway	160	9570	1314	23647	1173	9266	8394	920	5879	375	55738	10945	23163	5338	8615	50807	1211	1212	8729
Rapid glucocorticoid signaling rapid_gr_pathway	5600	54331	1392	2782	1432	5601	2774	5599
Degradation of beta catenin betacatenin_deg_pathway	1453	1857	1499	1452	23145	4040	8454	7855	324	8313	1856	1454	6500	1855	2932	2931	89780	8312
EPHA2 forward signaling epha2_fwdpathway	1969	6714	5295	2885	5290	10451	7410	5879	7074	5058	52	387	9564	2909	1942	3636	867
CXCR4-mediated signaling events cxcr4_pathway	207	5330	7409	5788	2268	389	3984	5294	2770	5747	5331	5293	3676	917	2775	998	23236	8503	5908	2308	388	5170	10399	5879	9525	5899	407	6776	1445	2782	6772	2781	54331	916	3678	1398	2185	5291	5290	5590	3123	4318	23533	6387	5295	2771	5996	2475	3675	5058	3055	7525	8516	1759	5728	915	4067	3655	6777	640	5777	3685	5829	3679	919	7852	9146	1072	5296	3122	409	3717	920	79109	9564	64223	3673	22801	54434	2773	27183	3688	55824	5781	10672	6773	253260	387	3932	156	2870	83737	6774	8515	6714	3672	29979	146850	3680	572	2534
E-cadherin signaling in the nascent adherens junction ecadherin_nascentaj_pathway	5906	207	1500	7082	10787	10006	4830	999	5908	8826	1398	7410	26999	5290	387	2889	2017	1457	3695	3728	7074	10163	998	6714	1499	55740	8907	1495	27252	1460	5295	382	1459	5879	1739	595	3682	23396
Direct p53 effectors p53downstreampathway	3304	3303	5564	5395	1026	55800	596	54487	55367	28984	27244	4800	6890	1969	3090	58484	3732	2810	355	4801	57103	80781	4233	1462	900	2232	317	1871	93624	29108	54541	5458	1434	9518	665	1907	50484	1263	8797	8295	64065	639	1843	3064	7159	891	29102	3066	9448	9540	7249	174	55240	4313	3276	1956	604	5054	10498	839	25946	3725	133746	2876	3976	25898	51065	6376	857	23368	637	8793	7421	4292	7039	4068	5371	5728	5268	5925	6696	2033	3663	94241	1870	1509	597	27113	599	834	1655	1820	1869	22943	8626	6273	7027	3486	1647	3082	8795	624	843	57060	324	4170	1387	6667	10153	8794	6591	10397	581	7832	79370	1847	4193	6597	51499	5457	7161	578	1643	3169	255488	8812	333926	7157	4802	7306	6880	5366	64326	84883	5111	4436	467
Hypoxic and oxygen homeostasis regulation of HIF-1-alpha hif1apathway	64344	7428	405	10987	8260	6921	10956	54583	10399	9978	112399	6923	112398	55662	7157	3320	8453	3091
ATF-2 transcription factor network atf2_pathway	5600	3569	4313	6401	255631	3576	5594	43	596	7054	9021	1847	5601	5451	4763	1019	5268	5925	9555	10856	2033	1466	3727	5156	2099	3458	7042	2353	672	5599	5328	5595	383	3048	51561	3726	8739	5578	11221	3630	3280	1850	10891	1843	122953	4843	10524	8452	1649	865	3725	1647	1385	1432	1386	890	595	467
ErbB2/ErbB3 signaling events erbb2erbb3pathway	9101	5604	5532	1134	5605	85440	2064	2065	5601	5566	5599	2885	6464	5296	5290	2353	5595	4776	5594	4771	5602	5291	6774	998	6714	6654	3725	9542	5293	8503	5295	10193	207	3717	5879	5894	5781	3265	4893	2475	1145	572
Sphingosine 1-phosphate (S1P) pathway s1p_meta_pathway	56848	2773	4363	2781	8879	2769	10672	1903	2770	9630	2771	8698	2775	2776	9294	53637	8877	81537	1901	2767	2768
PAR4-mediated thrombin signaling events thrombin_par4_pathway	2147	10672	54331	5330	2782	2767	9002	4633	2151	9475	387	2776	6093	2769	9630
Syndecan-3-mediated signaling events syndecan_3_pathway	51107	1956	5764	4160	5443	23385	55851	2017	1463	6714	9672	5663	181	3576	8573	83464	2534
PDGF receptor signaling network pdgf_pathway	56034	5154	5155	5156	5159	80310
ErbB receptor signaling network erbb_network_pathway	1956	685	1950	7039	374	727738	2069	10718	2064	2065	3320	1839	9542	145957
Arf6 signaling events arf6_pathway	3674	3973	9098	1942	5829	1950	26034	4690	26269	7253	23303	9922	3690	2769	1969	1956	408	116984	9744	9265	28964	11033	4233	9630	2776	6714	51454	23527	409	9266	3082	2767	382	154	185
Arf6 trafficking events arf6_traffickingpathway	3673	3675	5337	22801	1500	8853	3688	11336	7253	8516	5338	6517	3655	23162	23265	54536	9744	3685	554	3678	1910	55763	1785	3679	3676	9341	999	1213	3630	8515	274	1499	1495	3672	3831	3559	60412	382	10640	55770	10066	1363	5898	3680	154	9043	185	23396	4830
CDC42 signaling events cdc42_pathway	5337	5062	5058	10097	81624	5601	2151	5609	324	6416	5894	10188	1072	5599	999	3984	5590	128239	23265	3265	2059	4214	7410	8976	867	7074	8874	5595	4296	10109	388585	10094	5594	4633	10298	10093	5290	10096	5295	998	6714	1499	55740	50855	1495	3985	5606	8476	9459	8826	4735	5608	396	3725	7525	1432	5080	5879	10092	5581	1386	1739	10095	2932	9564	10458	673	5923	6198	2475
AP-1 transcription factor network ap1_pathway	5179	3727	6667	1997	4772	7040	4312	5728	3558	3576	10018	3567	7205	58	3491	1278	2113	2908	573	4097	1843	10987	4318	23373	6347	2624	1758	3458	4609	2353	4775	4922	2099	5328	4502	3586	3726	3565	4878	183	4094	6934	7157	1027	4773	2167	2697	983	3105	2033	9988	865	3725	8061	2355	1385	3569	1958	1437	2354	1386	7054	595	4602	1499	7076	467	1906	3091
Regulation of nuclear SMAD2/3 signaling smad2_3nuclearpathway	6670	8819	1030	6667	4435	10499	5928	55802	4303	367	7421	60436	1387	207	2625	1875	6929	2309	3665	5054	2908	1026	51586	1017	2033	145258	10284	23309	1051	4654	3066	864	4609	2353	1278	3915	6497	6498	4208	2099	9611	3586	7050	2290	1874	3567	5933	3172	25942	3312	7709	8850	3693	7030	2648	7027	4089	3725	1745	2308	4149	1019	51588	4092	865	1487	79753	861	8648	1385	8928	10401	3493	3456	1386	3065	4087	5931	1482	467	4088	860
FOXA2 and FOXA3 transcription factor networks hnf3bpathway	213	1052	207	229	6927	6928	3767	7276	3033	7351	4763	6667	2908	2294	1050	3651	5313	8788	7080	3157	3484	3169	3172	126129	174	3171	1051	3630	335	2645	1374	1375	7037	37	5105	2147	622	6833	6898	1385	34	2538	3170	6514	211
Calcineurin-regulated NFAT-dependent transcription in lymphocytes nfat_tfpathway	3662	4772	1958	55509	5743	30009	79589	3576	5451	1960	1606	1019	1493	5770	7124	868	959	3458	3562	2353	4775	3567	3565	83737	1869	3726	5796	4094	2625	356	4773	50943	5588	3559	3725	6520	8061	801	808	805	10320	1437	3558	5468	1961	836	1959	2635
PLK1 signaling events plk1_pathway	1062	55857	4659	5058	7283	26271	699	7178	8555	5347	995	983	994	5500	10403	63967	54821	891	64689	387	3796	23291	5518	22974	7465	79866	5515	79682	5861	151648	1894	147841	3619	9475	23145	10112	701	991	51343	6790	10726	2801	22981	10735
Regulation of cytoplasmic and nuclear SMAD2/3 signaling smad2_3pathway	51588	5594	58190	10106	8021	4214	5494	801	808	805	9972	7329	5595	3838	4089	4087	3837	4088	10217
S1P2 pathway s1p_s1p2_pathway	2002	1432	5058	2781	5599	3667	10672	2770	387	5595	2353	2769	2773	9630	2771	5594	2775	2776	1003	9294	3725	2767	5879	2768
RXR and RAR heterodimerization with other nuclear receptor rxr_vdr_pathway	7067	84498	7421	7068	7040	6258	10062	6256	3164	6198	7124	19	7376	5468	9971	5469	5467	596	8648	5465	9612
Plexin-D1 Signaling plexind1_pathway	3675	22801	3673	3688	8516	6237	3655	3685	3678	64218	3679	3676	8153	23129	8829	8515	9723	3672	10512	382	8395	9922	3680
EphrinB-EPHB pathway ephrinb_ephbpathway	2049	1947	1948	2047	2050	2048
EPHA forward signaling epha_fwdpathway	1942	3055	25791	7525	22899	2268	1944	4067	1969	1946	867	5294	1398	640	2041	146850	1943	2043	3932	1399	387	2044	1020	10451	5335	6714	6093	23533	285220	2045	2534	2046	7410	2042
PDGFR-beta signaling pathway pdgfrbpathway	10458	5521	5300	5921	5609	2268	2885	2810	7529	5294	5770	5580	2549	2017	5602	10097	2353	8503	6197	5908	4690	396	5879	7532	10095	10109	10094	6776	1445	9351	6772	1796	10006	5610	5321	2059	3727	8976	867	2889	1398	9732	10971	5291	5290	10096	5155	8877	116985	93649	4301	23533	7534	5295	3725	1901	10092	5581	5781	9712	2002	5058	3055	7525	5604	146850	5728	4067	7533	6777	640	3685	1785	5867	5868	9368	5594	5518	6654	5578	5335	2909	2887	6722	5296	5293	3717	59	5894	9564	5906	4035	5605	55824	5601	6416	5795	3690	5599	6503	8826	8844	7410	6876	26999	4609	387	5595	3932	6494	8440	10093	6774	5159	5515	6714	10163	25	55845	10787	3265	4893	81	7531	673	2534
Role of Calcineurin-dependent NFAT signaling in lymphocytes nfat_3pathway	4772	5532	5583	23523	5582	9495	1827	596	1387	3838	5601	5566	7532	7534	5599	7533	5292	5590	2810	7529	3164	4214	5580	5595	2280	814	1457	5534	4775	10971	4209	5530	5578	7514	1326	10231	4773	3837	5901	2033	5588	23770	1452	8021	1432	801	808	805	5581	2932	7531	836	572
Glypican pathway glypicanpathway	2719	221914	2817
Stabilization and expansion of the E-cadherin adherens junction ecadherin_stabilization_pathway	4026	3480	7791	1950	6093	4690	11336	10006	1942	999	1956	87	51474	57662	26999	7408	387	28964	6810	4233	1969	4633	144100	4646	360	1495	1499	55740	1500	7414	1729	4248	60412	382	3082	10787	362	5819	3801	23396
IL27-mediated signaling events il27pathway	6776	6772	3595	7297	3558	2625	6773	9466	3458	3593	3594	3606	6774	6775	3716	7040	3572	10148	3717	3569	3553	30009	3592	7124	3605	246778
ALK1 pathway alk1_2pathway	94	90	2280
Beta2 integrin cell surface interactions integrin2_pathway	7070	3491	5329	7412	2811	959	3689	3383	3827	10417	5624	2243	2244	2159	2266	5328	7045	83700	2212	718	3687	3683	3684	3386	50848	3681	3385	5327	3384
Ras signaling in the CD4+ TCR pathway tcrraspathway	2002	5604	5578	5594	5894	3265	4893	5778	2353	5595	1326	673	5579
Validated nuclear estrogen receptor alpha network era_genomic_pathway	5617	6776	11331	10499	79039	8543	135112	3298	9687	9112	4731	322	3065	1147	190	2033	3823	162	286827	1051	1509	9040	2099	4609	80781	4350	2100	5457	7494	63977	84458	672	595	9759	10521	9039	9611	8313	57658	8202	4089	10011	718	8204	7031	9166	8431	3725	1826	21	8648	5458	6294	64714	8125	4738	3732	9612	5469	5111	522	6647
Retinoic acid receptors-mediated signaling retinoic_acid_pathway	207	1022	7421	902	4331	6258	5914	1387	5582	5566	5599	6256	2033	8841	10499	3065	5595	5578	5594	983	5947	8850	8202	8204	8648	1432	9612
Thrombin/protease-activated receptor (PAR) pathway thrombin_pathway	2147
IL1-mediated signaling events il1pathway	3557	10454	54472	5970	4790	7850	8517	5599	1147	5590	7334	5584	23118	8878	834	51135	3554	353376	5290	4615	5295	3654	7189	3551	6885	7335	5608	3725	4215	3552	3553	11213	23085
Regulation of Telomerase telomerasepathway	6670	8819	207	4683	5928	1950	7026	4609	4084	7486	25913	3320	3065	23309	7490	7520	7014	641	26277	10284	6198	65057	472	4790	2099	3458	7013	3066	10728	2353	5595	23381	10038	3659	5594	3364	1956	6667	25942	10111	5883	2547	4691	8658	54386	7040	23293	1027	3183	54984	4149	25	1869	7015	3725	7337	1736	5810	3455	3558	2475	595	7531	5931	4361	4088
PLK3 signaling events plk3_pathway	11200	995	1263	7157	898
S1P1 pathway s1p_s1p1_pathway	5330	3791	5743	2781	4363	3690	3685	2770	387	5595	2773	2771	5594	2775	5335	5155	5159	8877	1901	5879	7422
Signaling events mediated by Hepatocyte Growth Factor Receptor (c-Met) met_pathway	8440	5604	207	50855	5062	5058	5605	9146	6456	2889	4690	1977	5906	8650	324	6416	64798	9846	5599	999	2060	2885	867	5770	4214	50649	8976	5795	2113	387	5595	30011	1399	1398	4233	3636	5868	5829	57610	5594	10298	6654	5290	2151	5335	998	208	6714	5894	5590	1499	54453	1495	5908	3837	2549	5295	10048	3725	5170	57521	382	1978	3082	84335	1958	5879	200958	5781	3265	6615	2475	5584	9564	64223	572
Netrin-mediated signaling events netrin_pathway	1630	9844	5604	5058	5605	4690	7525	1612	4651	8633	815	4131	9423	8976	219699	387	5595	7204	5594	90249	5290	5335	998	6714	1793	5306	5295	5879	9564	2534
Ephrin B reverse signaling ephrinbrevpathway	3674	1947	3055	7525	1948	1759	2047	6416	2050	4067	5599	5783	640	7074	2243	5998	3690	2244	2266	7852	8440	3932	5290	6714	2268	6885	5295	5879	2534	2048
p75(NTR)-mediated signaling p75ntrpathway	330	4803	207	4804	5590	10782	331	7189	4099	10018	54205	4692	28986	9500	5601	8517	351	8878	329	5599	5584	65078	1147	6272	6464	55859	842	4316	5340	387	4974	27018	388	51107	23385	56616	4314	5602	5290	6610	7531	4615	3654	396	317	4909	7157	8767	389	839	5663	3551	6868	4908	1869	5295	11108	55851	5879	627	83464	5045	56160	836	572	57142
TRAIL signaling pathway trail_pathway	8772	8793	8794	8717	8517	7818	6416	5599	1147	4214	8737	5296	5595	5594	8797	5291	5290	8503	8743	3551	5293	7186	5295	8837	6609	8795	843	841
Signaling events mediated by HDAC Class I hdac_classi_pathway	8819	10013	5928	7132	57459	5970	9734	7181	4084	51548	1387	51564	5566	7514	23309	7024	2033	10284	55869	8841	4790	2624	3065	5905	2287	9219	23381	5903	4149	9759	54815	83933	161882	2623	5468	10419	6774	25942	4792	7528	22933	57154	1108	125997	79885	3066	10014	79084	5901	7124	4092	8850	9611	1107	23411	51547	23145	53615	23410	8932	7341	23409	9612	5931	7329	23408
Class I PI3K signaling events pi3kcipathway	5906	27071	3055	64411	7525	5336	5728	2268	3320	3702	2309	4067	381	9267	5294	640	59339	9266	146850	375	6850	387	9265	3932	8503	7535	6446	3636	5291	5290	5335	6714	11033	5296	23533	5293	59338	5295	382	5879	695	3265	4893	29760	2534	5170
EGFR-dependent Endothelin signaling events et_egfrpathway	1956	2885	6654	1950	1909	3265	1906	2475
CD40/CD40L signaling cd40_pathway	6776	5600	7187	207	3718	51567	5970	7128	5601	6416	959	329	5599	4214	83953	4790	868	4609	4792	7185	3565	9020	958	7189	330	7186	3725	722	1432	5602
Signaling events mediated by Stem cell factor receptor (c-Kit) kitpathway	6776	5604	207	4145	5605	6772	6591	7409	1796	596	1387	5728	5287	2309	4067	5599	8651	2885	867	6464	6198	5777	4254	6774	5595	1399	2241	6654	2057	5290	7006	2887	2549	3815	2056	161742	5295	26228	5170	4286	200734	3717	11184	5894	5781	3265	5800	2932	9402	10019	10603	572
IL8-mediated signaling events il8_pathway	3576
Noncanonical Wnt signaling pathway wnt_noncanonical_pathway	7474	8324	10454	7525	5601	9869	5599	5590	2316	115908	23118	387	51701	4920	23002	5602	998	55636	7855	1856	6093	4773	1857	6885	2535	409	815	1452	5879	5468	1855	8323
Nectin adhesion pathway nectin_pathway	5906	5879	998	3690	999	50848	8826	1398	7410	3685	2889	9855	9076	5290	5159	5155	6714	5817	1499	1495	5908	25945	5295	5818	5797	7094	5819	23396
Wnt signaling network wnt_signaling_pathway	7474	79412	8324	8322	8325	8326	115908	7471	83999	4040	89780	6259	4920	11211	22943	10159	7855	11197	284654	7473	4041	7477	8321	2535	3487	7476	7472	8323
Hedgehog signaling events mediated by Gli proteins hedgehog_glipathway	1455	8819	5604	207	2781	6608	5928	53944	27148	1387	1454	5566	23309	1456	1453	8100	54331	10284	5580	3065	2770	26160	3066	2773	2771	23291	2775	25942	8554	2735	2736	2737	9788	8405	6469	409	3958	1452	23145	5727	7514	2932	11127	5931	51715	2782	3170	51684
Regulation of CDC42 activity cdc42_reg_pathway	8412	25791	2245	23229	55619	324	23268	221178	139818	29127	7410	8874	28964	23348	9855	115557	6453	4168	55114	10451	392	5335	998	23263	10928	9459	396	50618	57572	4830
Syndecan-1-mediated signaling events syndecan_1_pathway	1306	1294	1303	1281	6382	7040	5479	1290	1297	6386	4316	8573	5566	1278	1286	1285	1299	1298	6352	1293	1292	1288	5595	3911	1287	4233	1308	1307	5594	1280	10855	1277	682	1296	1302	7373	4312	4318	1289	1282	1300	3082	1295	1301	1305	1291
VEGFR1 specific signals vegfr1_pathway	207	25759	4690	5921	5566	3320	867	23607	2321	5595	5594	8829	5290	5578	5335	7423	5228	5295	5170	801	808	805	8828	5781	4846	857	7422	3091
ATR signaling pathway atr_pathway	4176	5983	5982	4683	5888	5985	675	5521	4171	3364	5347	6118	995	993	4193	990	7529	63967	8914	5884	22897	54962	23291	5518	1111	50485	5984	5515	5883	545	1017	7534	2177	23145	5810	6117	890	11073	84126
IL8- and CXCR1-mediated signaling events il8cxcr1_pathway	5337	207	5330	2782	1759	3055	5582	2268	3576	4067	2769	408	867	5294	146850	156	5331	5868	2771	5578	23236	54331	409	5170	3577	5581	9630
LKB1 signaling events lkb1_pathway	5564	200186	150094	55437	5563	2118	5566	3320	5562	2011	7248	7533	4133	11140	7529	84335	114790	1509	2099	4609	5664	6604	51719	7534	10971	84446	6794	23387	5571	7157	4089	2810	92335	23235	9024	57521	1385	7532	7430	2932	7531	7249	64223	2475	57787
ErbB4 signaling events erbb4_pathway	5617	6776	863	2064	5618	4193	10718	6777	83737	6464	23118	5291	5290	5595	6868	145957	5594	51741	685	1839	1742	4734	10413	2069	5296	5293	8503	5295	9611	11059	3717	2904	2885	26018	2534
